0.690522567203 3.26155368969
0.00423913839489 5.36192631252
0.0803513263774 3.89710117083
0.00638282500837 4.97300950392
0.00423913839489 5.36192631252
0.0114651561716 4.27956107062
0.0130973351466 4.42348396821
0.39893660718 4.24644388221
0.718678014597 3.93096997155
0.106851877271 4.45537022993
0.106851877271 4.45537022993
0.106851877271 4.45537022993
0.106851877271 4.45537022993
0.106851877271 4.45537022993
0.106851877271 4.45537022993
0.106851877271 4.45537022993
0.106851877271 4.45537022993
0.106851877271 4.45537022993
0.106851877271 4.45537022993
0.106851877271 4.45537022993
0.106851877271 4.45537022993
0.106851877271 4.45537022993
0.106851877271 4.45537022993
0.106851877271 4.45537022993
0.106851877271 4.45537022993
0.106851877271 4.45537022993
0.106851877271 4.45537022993
0.106851877271 4.45537022993
0.106851877271 4.45537022993
0.106851877271 4.45537022993
0.106851877271 4.45537022993
0.106851877271 4.45537022993
0.106851877271 4.45537022993
0.106851877271 4.45537022993
0.106851877271 4.45537022993
0.106851877271 4.45537022993
0.106851877271 4.45537022993
0.106851877271 4.45537022993
0.106851877271 4.45537022993
0.106851877271 4.45537022993
0.106851877271 4.45537022993
0.106851877271 4.45537022993
0.106851877271 4.45537022993
0.106851877271 4.45537022993
0.106851877271 4.45537022993
0.106851877271 4.45537022993
0.106851877271 4.45537022993
0.106851877271 4.45537022993
0.106851877271 4.45537022993
0.106851877271 4.45537022993
0.106851877271 4.45537022993
0.106851877271 4.45537022993
0.106851877271 4.45537022993
0.106851877271 4.45537022993
0.106851877271 4.45537022993
0.106851877271 4.45537022993
0.106851877271 4.45537022993
0.106851877271 4.45537022993
0.106851877271 4.45537022993
0.106851877271 4.45537022993
0.106851877271 4.45537022993
0.106851877271 4.45537022993
0.106851877271 4.45537022993
0.106851877271 4.45537022993
0.106851877271 4.45537022993
0.106851877271 4.45537022993
0.106851877271 4.45537022993
0.106851877271 4.45537022993
0.106851877271 4.45537022993
0.106851877271 4.45537022993
0.106851877271 4.45537022993
0.106851877271 4.45537022993
0.106851877271 4.45537022993
0.106851877271 4.45537022993
0.106851877271 4.45537022993
0.106851877271 4.45537022993
0.106851877271 4.45537022993
0.106851877271 4.45537022993
0.106851877271 4.45537022993
0.106851877271 4.45537022993
0.106851877271 4.45537022993
0.106851877271 4.45537022993
0.106851877271 4.45537022993
0.106851877271 4.45537022993
0.106851877271 4.45537022993
0.106851877271 4.45537022993
0.106851877271 4.45537022993
0.106851877271 4.45537022993
0.106851877271 4.45537022993
0.106851877271 4.45537022993
0.106851877271 4.45537022993
0.106851877271 4.45537022993
0.106851877271 4.45537022993
0.106851877271 4.45537022993
0.106851877271 4.45537022993
0.106851877271 4.45537022993
0.106851877271 4.45537022993
0.106851877271 4.45537022993
0.106851877271 4.45537022993
0.106851877271 4.45537022993
